Scenegraph
eye:
5.000000 5.000000 5.000000
center:
0.000000 0.000000 0.000000
up:
0.000000 1.000000 0.000000
fovy:
30
aspect:
1.33333
near:
1
far:
100
light:
6.000000 5.000000 10.000000
Node
modelMatrix:
0.500000 0.000000 0.000000 0.000000
0.000000 0.500000 0.000000 0.000000
0.000000 0.000000 0.500000 0.000000
0.000000 0.000000 0.000000 1.000000
color:
1.000000 1.000000 1.000000
meshID:
cube
shaderID:
base
Node
modelMatrix:
0.141421 0.141421 0.000000 0.000000
-0.100000 0.100000 0.141421 0.000000
0.100000 -0.100000 0.141421 0.000000
0.000000 1.000000 0.000000 1.000000
color:
1.000000 0.000000 0.000000
meshID:
cube
shaderID:
base
